f00012f3
00000013
00000013
1999a337
00000013
00000013
99a30313
00000013
00000013
00a00393
00000013
00000013
00000413
00000013
00000013
0262beb3
00000013
00000013
027e8f33
00000013
00000013
41e28f33
00000013
00000013
00ff7f13
00000013
00000013
01cf1f13
00000013
00000013
01e46433
00000013
00000013
000e8293
00000013
00000013
0262beb3
00000013
00000013
027e8f33
00000013
00000013
41e28f33
00000013
00000013
00ff7f13
00000013
00000013
018f1f13
00000013
00000013
01e46433
00000013
00000013
000e8293
00000013
00000013
0262beb3
00000013
00000013
027e8f33
00000013
00000013
41e28f33
00000013
00000013
00ff7f13
00000013
00000013
014f1f13
00000013
00000013
01e46433
00000013
00000013
000e8293
00000013
00000013
0262beb3
00000013
00000013
027e8f33
00000013
00000013
41e28f33
00000013
00000013
00ff7f13
00000013
00000013
010f1f13
00000013
00000013
01e46433
00000013
00000013
000e8293
00000013
00000013
0262beb3
00000013
00000013
027e8f33
00000013
00000013
41e28f33
00000013
00000013
00ff7f13
00000013
00000013
00cf1f13
00000013
00000013
01e46433
00000013
00000013
000e8293
00000013
00000013
0262beb3
00000013
00000013
027e8f33
00000013
00000013
41e28f33
00000013
00000013
00ff7f13
00000013
00000013
008f1f13
00000013
00000013
01e46433
00000013
00000013
000e8293
00000013
00000013
0262beb3
00000013
00000013
027e8f33
00000013
00000013
41e28f33
00000013
00000013
00ff7f13
00000013
00000013
004f1f13
00000013
00000013
01e46433
00000013
00000013
000e8293
00000013
00000013
0262beb3
00000013
00000013
027e8f33
00000013
00000013
41e28f33
00000013
00000013
00ff7f13
00000013
00000013
000f1f13
00000013
00000013
01e46433
00000013
00000013
f0241073
00000013
00000013
00000013
00000013
